# Migration is number of nodes that have changed color.

Round		Edge-Cut		Swaps		Migrations		Skipped
0		8904		4719		3001
1		8313		9439		3014
2		7823		14159		3106
3		7424		18879		3080
4		7168		23599		3123
5		6901		28319		3178
6		6698		33039		3201
7		6600		37758		3199
8		6484		42477		3202
9		6322		47195		3225
10		6293		51913		3209
11		6136		56632		3226
12		6021		61352		3223
13		5955		66071		3221
14		5786		70791		3204
15		5631		75510		3237
16		5574		80227		3241
17		5556		84947		3192
18		5512		89666		3227
19		5450		94383		3218
20		5406		99101		3236
21		5309		103818		3203
22		5264		108536		3223
23		5211		113252		3217
24		5179		117968		3206
25		5207		122686		3198
26		5111		127406		3186
27		5033		132125		3178
28		5071		136843		3203
29		5071		141563		3252
30		4963		146281		3250
31		4959		151000		3229
32		4955		155716		3229
33		4908		160434		3226
34		4821		165152		3226
35		4859		169871		3269
36		4824		174589		3285
37		4746		179306		3298
38		4758		184026		3291
39		4692		188744		3291
40		4655		193463		3289
41		4613		198180		3259
42		4576		202896		3290
43		4565		207614		3305
44		4551		212331		3290
45		4514		217050		3269
46		4550		221765		3277
47		4465		226483		3274
48		4474		231197		3285
49		4439		235913		3277
50		4430		240633		3289
51		4452		245350		3271
52		4398		250069		3300
53		4311		254787		3277
54		4301		259505		3270
55		4279		264220		3274
56		4263		268937		3263
57		4247		273653		3283
58		4268		278370		3275
59		4237		283085		3270
60		4254		287802		3271
61		4249		292517		3276
62		4208		297233		3257
63		4210		301948		3250
64		4167		306661		3247
65		4177		311374		3259
66		4182		316091		3268
67		4144		320807		3256
68		4117		325519		3252
69		4151		330236		3273
70		4110		334953		3277
71		4087		339668		3299
72		4074		344381		3277
73		4059		349094		3266
74		4076		353808		3267
75		4023		358524		3272
76		3988		363239		3276
77		3977		367953		3270
78		3985		372665		3266
79		3960		377377		3274
80		3953		382091		3277
81		3967		386803		3259
82		3954		391516		3276
83		3938		396232		3280
84		3910		400948		3265
85		3913		405662		3255
86		3910		410376		3276
87		3903		415091		3258
88		3882		419805		3261
89		3866		424516		3247
90		3865		429231		3259
91		3845		433940		3271
92		3832		438652		3260
93		3841		443369		3265
94		3801		448088		3273
95		3797		452805		3261
96		3802		457519		3262
97		3796		462232		3289
98		3787		466944		3259
99		3779		471656		3274
100		3771		476371		3286
101		3746		476844		3282
102		3714		477255		3274
103		3641		477618		3292
104		3624		477937		3276
105		3576		478228		3287
106		3516		478506		3287
107		3489		478791		3279
108		3449		479029		3261
109		3414		479272		3268
110		3381		479492		3282
111		3354		479685		3273
112		3343		479861		3292
113		3304		480039		3294
114		3293		480191		3284
115		3274		480327		3281
116		3238		480470		3282
117		3222		480596		3268
118		3209		480755		3271
119		3198		480934		3264
120		3185		481060		3276
121		3178		481230		3265
122		3165		481392		3268
123		3121		481527		3282
124		3095		481635		3285
125		3103		481751		3280
126		3068		481858		3291
127		3042		481953		3273
128		3023		482030		3278
129		3014		482096		3270
130		3014		482158		3269
131		2987		482225		3276
132		2988		482289		3271
133		2965		482374		3267
134		2967		482439		3278
135		2958		482482		3278
136		2959		482536		3284
137		2938		482585		3276
138		2934		482638		3276
139		2946		482690		3279
140		2928		482744		3269
141		2927		482799		3274
142		2919		482855		3280
143		2916		482905		3284
144		2909		482966		3275
145		2901		483017		3277
146		2894		483063		3276
147		2904		483119		3271
148		2885		483190		3272
149		2878		483259		3278
150		2884		483324		3274
151		2871		483390		3277
152		2863		483424		3284
153		2872		483497		3281
154		2868		483563		3276
155		2863		483607		3281
156		2861		483668		3285
157		2867		483753		3286
158		2868		483819		3292
159		2859		483886		3294
160		2853		483951		3299
161		2836		483994		3292
162		2828		484053		3287
163		2817		484100		3286
164		2804		484159		3284
165		2801		484209		3288
166		2784		484236		3289
167		2777		484257		3289
168		2777		484277		3290
169		2775		484318		3292
170		2772		484360		3295
171		2759		484395		3289
172		2758		484433		3285
173		2752		484468		3290
174		2747		484490		3290
175		2746		484510		3288
176		2744		484546		3287
177		2744		484571		3291
178		2745		484602		3297
179		2744		484631		3294
180		2733		484659		3289
181		2734		484685		3294
182		2731		484709		3289
183		2724		484739		3293
184		2717		484788		3286
185		2711		484825		3291
186		2711		484862		3290
187		2704		484898		3295
188		2701		484925		3296
189		2696		484945		3296
190		2694		484957		3297
191		2693		484975		3291
192		2690		484989		3289
193		2695		485008		3290
194		2695		485033		3290
195		2689		485047		3290
196		2691		485069		3290
197		2689		485089		3289
198		2686		485113		3291
199		2681		485126		3292
200		2683		485139		3292
201		2681		485146		3291
202		2681		485156		3293
203		2681		485176		3297
204		2675		485183		3294
205		2676		485188		3292
206		2676		485193		3294
207		2670		485201		3293
208		2670		485203		3292
209		2669		485206		3291
210		2671		485212		3292
211		2671		485216		3291
212		2672		485226		3293
213		2667		485232		3294
214		2664		485233		3295
215		2664		485233		3295
216		2662		485234		3297
217		2662		485234		3297
218		2662		485234		3297
219		2662		485234		3297
220		2662		485234		3297
221		2662		485234		3297
222		2662		485234		3297
223		2662		485234		3297
224		2662		485234		3297
225		2662		485234		3297
226		2662		485234		3297
227		2662		485234		3297
228		2662		485234		3297
229		2662		485234		3297
230		2662		485234		3297
231		2662		485234		3297
232		2662		485234		3297
233		2662		485234		3297
234		2662		485234		3297
235		2662		485234		3297
236		2662		485234		3297
237		2662		485234		3297
238		2662		485234		3297
239		2662		485234		3297
240		2662		485234		3297
241		2662		485234		3297
242		2662		485234		3297
243		2662		485234		3297
244		2662		485234		3297
245		2662		485234		3297
246		2662		485234		3297
247		2662		485234		3297
248		2662		485234		3297
249		2662		485234		3297
250		2662		485234		3297
251		2662		485234		3297
252		2662		485234		3297
253		2662		485234		3297
254		2662		485234		3297
255		2662		485234		3297
256		2662		485234		3297
257		2662		485234		3297
258		2662		485234		3297
259		2662		485234		3297
260		2662		485234		3297
261		2662		485234		3297
262		2662		485234		3297
263		2662		485234		3297
264		2662		485234		3297
265		2662		485234		3297
266		2662		485234		3297
267		2662		485234		3297
268		2662		485234		3297
269		2662		485234		3297
270		2662		485234		3297
271		2662		485234		3297
272		2662		485234		3297
273		2662		485234		3297
274		2662		485234		3297
275		2662		485234		3297
276		2662		485234		3297
277		2662		485234		3297
278		2662		485234		3297
279		2662		485234		3297
280		2662		485234		3297
281		2662		485234		3297
282		2662		485234		3297
283		2662		485234		3297
284		2662		485234		3297
285		2662		485234		3297
286		2662		485234		3297
287		2662		485234		3297
288		2662		485234		3297
289		2662		485234		3297
290		2662		485234		3297
291		2662		485234		3297
292		2662		485234		3297
293		2662		485234		3297
294		2662		485234		3297
295		2662		485234		3297
296		2662		485234		3297
297		2662		485234		3297
298		2662		485234		3297
299		2662		485234		3297
300		2662		485234		3297
301		2662		485234		3297
302		2662		485234		3297
303		2662		485234		3297
304		2662		485234		3297
305		2662		485234		3297
306		2662		485234		3297
307		2662		485234		3297
308		2662		485234		3297
309		2662		485234		3297
310		2662		485234		3297
311		2662		485234		3297
312		2662		485234		3297
313		2662		485234		3297
314		2662		485234		3297
315		2662		485234		3297
316		2662		485234		3297
317		2662		485234		3297
318		2662		485234		3297
319		2662		485234		3297
320		2662		485234		3297
321		2662		485234		3297
322		2662		485234		3297
323		2662		485234		3297
324		2662		485234		3297
325		2662		485234		3297
326		2662		485234		3297
327		2662		485234		3297
328		2662		485234		3297
329		2662		485234		3297
330		2662		485234		3297
331		2662		485234		3297
332		2662		485234		3297
333		2662		485234		3297
334		2662		485234		3297
335		2662		485234		3297
336		2662		485234		3297
337		2662		485234		3297
338		2662		485234		3297
339		2662		485234		3297
340		2662		485234		3297
341		2662		485234		3297
342		2662		485234		3297
343		2662		485234		3297
344		2662		485234		3297
345		2662		485234		3297
346		2662		485234		3297
347		2662		485234		3297
348		2662		485234		3297
349		2662		485234		3297
350		2662		485234		3297
351		2662		485234		3297
352		2662		485234		3297
353		2662		485234		3297
354		2662		485234		3297
355		2662		485234		3297
356		2662		485234		3297
357		2662		485234		3297
358		2662		485234		3297
359		2662		485234		3297
360		2662		485234		3297
361		2662		485234		3297
362		2662		485234		3297
363		2662		485234		3297
364		2662		485234		3297
365		2662		485234		3297
366		2662		485234		3297
367		2662		485234		3297
368		2662		485234		3297
369		2662		485234		3297
370		2662		485234		3297
371		2662		485234		3297
372		2662		485234		3297
373		2662		485234		3297
374		2662		485234		3297
375		2662		485234		3297
376		2662		485234		3297
377		2662		485234		3297
378		2662		485234		3297
379		2662		485234		3297
380		2662		485234		3297
381		2662		485234		3297
382		2662		485234		3297
383		2662		485234		3297
384		2662		485234		3297
385		2662		485234		3297
386		2662		485234		3297
387		2662		485234		3297
388		2662		485234		3297
389		2662		485234		3297
390		2662		485234		3297
391		2662		485234		3297
392		2662		485234		3297
393		2662		485234		3297
394		2662		485234		3297
395		2662		485234		3297
396		2662		485234		3297
397		2662		485234		3297
398		2662		485234		3297
399		2662		485234		3297
400		2662		485234		3297
401		2724		489951		3300
402		2747		494669		3294
403		2779		499387		3285
404		2796		504105		3299
405		2826		508823		3303
406		2851		513541		3307
407		2876		518261		3309
408		2876		522976		3309
409		2869		527695		3307
410		2869		532413		3303
411		2902		537129		3287
412		2920		541848		3295
413		2945		546567		3288
414		2960		551285		3292
415		2988		556004		3288
416		2995		560720		3288
417		3023		565437		3292
418		3017		570154		3288
419		3009		574872		3291
420		2967		579590		3272
421		2982		584308		3292
422		2973		589025		3284
423		2946		593745		3258
424		2946		598461		3273
425		2996		603180		3276
426		2982		607899		3275
427		3008		612618		3296
428		2997		617335		3278
429		2980		622051		3286
430		3032		626769		3289
431		3040		631489		3285
432		3044		636209		3279
433		3038		640928		3283
434		3054		645645		3280
435		3041		650360		3268
436		3015		655078		3280
437		3028		659798		3280
438		3023		664515		3271
439		3002		669231		3291
440		3018		673949		3292
441		2989		678669		3294
442		2992		683388		3294
443		2976		688103		3308
444		2960		692821		3301
445		2980		697538		3298
446		2951		702257		3303
447		2935		706971		3304
448		2945		711689		3308
449		2945		716406		3302
450		2968		721122		3309
451		2975		725838		3314
452		2951		730556		3316
453		2943		735272		3314
454		2971		739990		3313
455		2955		744707		3319
456		2960		749425		3307
457		2957		754142		3317
458		2928		758859		3315
459		2921		763574		3313
460		2957		768292		3322
461		2942		773011		3313
462		2945		777727		3303
463		2891		782443		3303
464		2900		787162		3317
465		2875		791879		3300
466		2895		796593		3291
467		2909		801310		3300
468		2907		806029		3323
469		2917		810745		3312
470		2885		815462		3325
471		2865		820177		3325
472		2887		824893		3334
473		2887		829610		3336
474		2880		834323		3334
475		2866		839038		3310
476		2867		843755		3318
477		2856		848471		3314
478		2827		853187		3310
479		2840		857903		3310
480		2854		862618		3309
481		2819		867336		3306
482		2805		872050		3307
483		2828		876766		3305
484		2812		881479		3309
485		2803		886196		3302
486		2800		890913		3298
487		2808		895624		3295
488		2806		900338		3286
489		2823		905053		3295
490		2800		909765		3297
491		2813		914483		3312
492		2782		919199		3303
493		2799		923915		3306
494		2804		928631		3316
495		2794		933346		3305
496		2785		938059		3306
497		2771		942772		3298
498		2779		947489		3303
499		2791		952208		3287
500		2776		956924		3297
501		2757		957130		3295
502		2739		957338		3307
503		2751		957536		3307
504		2720		957727		3313
505		2719		957905		3304
506		2704		958097		3304
507		2687		958291		3309
508		2646		958447		3310
509		2627		958591		3309
510		2609		958711		3310
511		2592		958844		3310
512		2562		958925		3306
513		2539		959002		3300
514		2546		959084		3307
515		2560		959180		3307
516		2583		959273		3309
517		2562		959385		3308
518		2554		959484		3309
519		2539		959584		3313
520		2531		959667		3313
521		2515		959749		3310
522		2495		959838		3304
523		2490		959910		3298
524		2492		959977		3295
525		2480		960057		3303
526		2469		960146		3300
527		2462		960231		3295
528		2439		960288		3292
529		2437		960359		3294
530		2421		960427		3296
531		2413		960478		3292
532		2418		960525		3302
533		2414		960571		3305
534		2407		960610		3294
535		2403		960652		3297
536		2392		960697		3300
537		2393		960731		3304
538		2386		960750		3307
539		2382		960774		3304
540		2389		960808		3301
541		2373		960844		3301
542		2375		960867		3303
543		2367		960899		3307
544		2365		960922		3310
545		2365		960947		3309
546		2368		960964		3312
547		2363		960976		3308
548		2360		960998		3307
549		2357		961018		3313
550		2355		961037		3313
551		2347		961050		3307
552		2346		961063		3308
553		2348		961082		3309
554		2348		961093		3312
555		2338		961115		3314
556		2336		961123		3314
557		2335		961136		3315
558		2335		961147		3314
559		2338		961154		3312
560		2337		961162		3313
561		2333		961174		3311
562		2338		961187		3307
563		2334		961200		3309
564		2338		961212		3306
565		2333		961219		3308
566		2332		961226		3307
567		2330		961242		3309
568		2330		961249		3308
569		2330		961252		3309
570		2328		961258		3310
571		2322		961261		3312
572		2322		961261		3312
573		2322		961261		3312
574		2322		961261		3312
575		2322		961261		3312
576		2322		961261		3312
577		2322		961261		3312
578		2322		961261		3312
579		2322		961261		3312
580		2322		961261		3312
581		2322		961261		3312
582		2322		961261		3312
583		2322		961261		3312
584		2320		961262		3312
585		2320		961262		3312
586		2320		961262		3312
587		2320		961262		3312
588		2320		961262		3312
589		2320		961262		3312
590		2320		961262		3312
591		2320		961262		3312
592		2320		961262		3312
593		2320		961262		3312
594		2320		961262		3312
595		2320		961262		3312
596		2320		961262		3312
597		2320		961262		3312
598		2320		961262		3312
599		2320		961262		3312
600		2320		961262		3312
601		2320		961262		3312
602		2320		961262		3312
603		2320		961262		3312
604		2320		961262		3312
605		2320		961262		3312
606		2320		961262		3312
607		2320		961262		3312
608		2320		961262		3312
609		2320		961262		3312
610		2320		961262		3312
611		2320		961262		3312
612		2320		961262		3312
613		2320		961262		3312
614		2320		961262		3312
615		2320		961262		3312
616		2320		961262		3312
617		2320		961262		3312
618		2320		961262		3312
619		2320		961262		3312
620		2320		961262		3312
621		2320		961262		3312
622		2320		961262		3312
623		2320		961262		3312
624		2320		961262		3312
625		2320		961262		3312
626		2320		961262		3312
627		2320		961262		3312
628		2320		961262		3312
629		2320		961262		3312
630		2320		961262		3312
631		2320		961262		3312
632		2320		961262		3312
633		2320		961262		3312
634		2320		961262		3312
635		2320		961262		3312
636		2320		961262		3312
637		2320		961262		3312
638		2320		961262		3312
639		2320		961262		3312
640		2320		961262		3312
641		2320		961262		3312
642		2320		961262		3312
643		2320		961262		3312
644		2320		961262		3312
645		2320		961262		3312
646		2320		961262		3312
647		2320		961262		3312
648		2320		961262		3312
649		2320		961262		3312
650		2320		961262		3312
651		2320		961262		3312
652		2320		961262		3312
653		2320		961262		3312
654		2320		961262		3312
655		2320		961262		3312
656		2320		961262		3312
657		2320		961262		3312
658		2320		961262		3312
659		2320		961262		3312
660		2320		961262		3312
661		2320		961262		3312
662		2320		961262		3312
663		2320		961262		3312
664		2320		961262		3312
665		2320		961262		3312
666		2320		961262		3312
667		2320		961262		3312
668		2320		961262		3312
669		2320		961262		3312
670		2320		961262		3312
671		2320		961262		3312
672		2320		961262		3312
673		2320		961262		3312
674		2320		961262		3312
675		2320		961262		3312
676		2320		961262		3312
677		2320		961262		3312
678		2320		961262		3312
679		2320		961262		3312
680		2320		961262		3312
681		2320		961262		3312
682		2320		961262		3312
683		2320		961262		3312
684		2320		961262		3312
685		2320		961262		3312
686		2320		961262		3312
687		2320		961262		3312
688		2320		961262		3312
689		2320		961262		3312
690		2320		961262		3312
691		2320		961262		3312
692		2320		961262		3312
693		2320		961262		3312
694		2320		961262		3312
695		2320		961262		3312
696		2320		961262		3312
697		2320		961262		3312
698		2320		961262		3312
699		2320		961262		3312
700		2320		961262		3312
701		2320		961262		3312
702		2320		961262		3312
703		2320		961262		3312
704		2320		961262		3312
705		2320		961262		3312
706		2320		961262		3312
707		2320		961262		3312
708		2320		961262		3312
709		2320		961262		3312
710		2320		961262		3312
711		2320		961262		3312
712		2320		961262		3312
713		2320		961262		3312
714		2320		961262		3312
715		2320		961262		3312
716		2320		961262		3312
717		2320		961262		3312
718		2320		961262		3312
719		2320		961262		3312
720		2320		961262		3312
721		2320		961262		3312
722		2320		961262		3312
723		2320		961262		3312
724		2320		961262		3312
725		2320		961262		3312
726		2320		961262		3312
727		2320		961262		3312
728		2320		961262		3312
729		2320		961262		3312
730		2320		961262		3312
731		2320		961262		3312
732		2320		961262		3312
733		2320		961262		3312
734		2320		961262		3312
735		2320		961262		3312
736		2320		961262		3312
737		2320		961262		3312
738		2320		961262		3312
739		2320		961262		3312
740		2320		961262		3312
741		2320		961262		3312
742		2320		961262		3312
743		2320		961262		3312
744		2320		961262		3312
745		2320		961262		3312
746		2320		961262		3312
747		2320		961262		3312
748		2320		961262		3312
749		2320		961262		3312
750		2320		961262		3312
751		2320		961262		3312
752		2320		961262		3312
753		2320		961262		3312
754		2320		961262		3312
755		2320		961262		3312
756		2320		961262		3312
757		2320		961262		3312
758		2320		961262		3312
759		2320		961262		3312
760		2320		961262		3312
761		2320		961262		3312
762		2320		961262		3312
763		2320		961262		3312
764		2320		961262		3312
765		2320		961262		3312
766		2320		961262		3312
767		2320		961262		3312
768		2320		961262		3312
769		2320		961262		3312
770		2320		961262		3312
771		2320		961262		3312
772		2320		961262		3312
773		2320		961262		3312
774		2320		961262		3312
775		2320		961262		3312
776		2320		961262		3312
777		2320		961262		3312
778		2320		961262		3312
779		2320		961262		3312
780		2320		961262		3312
781		2320		961262		3312
782		2320		961262		3312
783		2320		961262		3312
784		2320		961262		3312
785		2320		961262		3312
786		2320		961262		3312
787		2320		961262		3312
788		2320		961262		3312
789		2320		961262		3312
790		2320		961262		3312
791		2320		961262		3312
792		2320		961262		3312
793		2320		961262		3312
794		2320		961262		3312
795		2320		961262		3312
796		2320		961262		3312
797		2320		961262		3312
798		2320		961262		3312
799		2320		961262		3312
800		2320		961262		3312
801		2393		965981		3302
802		2396		970698		3312
803		2429		975417		3315
804		2448		980135		3318
805		2463		984851		3311
806		2445		989569		3318
807		2457		994288		3320
808		2475		999004		3302
809		2493		1003722		3310
810		2502		1008442		3316
811		2528		1013161		3312
812		2540		1017879		3334
813		2552		1022598		3313
814		2546		1027317		3338
815		2516		1032036		3325
816		2523		1036755		3321
817		2526		1041473		3331
818		2530		1046192		3314
819		2558		1050910		3323
820		2553		1055627		3316
821		2537		1060346		3327
822		2532		1065064		3322
823		2514		1069782		3321
824		2534		1074500		3336
825		2527		1079215		3325
826		2545		1083931		3316
827		2535		1088650		3328
828		2527		1093369		3338
829		2564		1098089		3314
830		2545		1102806		3326
831		2546		1107523		3321
832		2549		1112243		3323
833		2536		1116961		3319
834		2548		1121680		3324
835		2554		1126398		3327
836		2536		1131116		3327
837		2554		1135830		3319
838		2542		1140550		3308
839		2541		1145267		3313
840		2529		1149983		3330
841		2533		1154701		3322
842		2564		1159416		3322
843		2564		1164135		3331
844		2545		1168850		3330
845		2537		1173570		3322
846		2575		1178285		3327
847		2539		1183001		3332
848		2537		1187719		3331
849		2544		1192436		3325
850		2541		1197153		3321
851		2518		1201872		3318
852		2525		1206592		3320
853		2519		1211309		3316
854		2501		1216027		3310
855		2503		1220745		3319
856		2507		1225462		3318
857		2520		1230182		3318
858		2551		1234900		3328
859		2546		1239620		3328
860		2541		1244339		3307
861		2534		1249058		3304
862		2523		1253777		3318
863		2534		1258495		3327
864		2509		1263214		3334
865		2517		1267931		3321
866		2521		1272645		3329
867		2522		1277362		3337
868		2508		1282077		3333
869		2506		1286795		3321
870		2507		1291514		3329
871		2502		1296232		3331
872		2509		1300949		3333
873		2477		1305665		3336
874		2477		1310379		3322
875		2478		1315095		3330
876		2474		1319811		3323
877		2463		1324526		3321
878		2454		1329241		3312
879		2463		1333956		3306
880		2498		1338675		3313
881		2476		1343390		3311
882		2459		1348106		3321
883		2463		1352824		3313
884		2440		1357542		3322
885		2462		1362259		3309
886		2459		1366978		3321
887		2444		1371693		3314
888		2441		1376406		3304
889		2440		1381124		3314
890		2448		1385839		3308
891		2464		1390554		3307
892		2451		1395271		3306
893		2447		1399986		3305
894		2459		1404701		3310
895		2457		1409418		3303
896		2455		1414128		3309
897		2450		1418844		3317
898		2472		1423560		3327
899		2454		1428276		3315
900		2458		1432989		3326
901		2423		1433158		3323
902		2393		1433325		3332
903		2403		1433456		3330
904		2406		1433588		3325
905		2390		1433716		3320
906		2388		1433859		3304
907		2358		1434001		3324
908		2348		1434091		3323
909		2328		1434178		3323
910		2314		1434261		3317
911		2297		1434342		3310
912		2294		1434428		3322
913		2282		1434515		3315
914		2270		1434589		3315
915		2267		1434652		3311
916		2260		1434714		3310
917		2247		1434784		3314
918		2246		1434832		3316
919		2234		1434888		3311
920		2240		1434934		3319
921		2231		1434973		3319
922		2229		1435022		3318
923		2228		1435070		3317
924		2236		1435121		3321
925		2224		1435173		3315
926		2211		1435221		3308
927		2212		1435247		3319
928		2211		1435282		3313
929		2214		1435328		3320
930		2201		1435361		3319
931		2200		1435408		3314
932		2196		1435432		3312
933		2195		1435455		3311
934		2195		1435479		3308
935		2194		1435493		3311
936		2188		1435519		3311
937		2187		1435537		3311
938		2181		1435553		3310
939		2184		1435572		3313
940		2191		1435601		3310
941		2191		1435633		3314
942		2189		1435656		3314
943		2188		1435685		3313
944		2194		1435717		3310
945		2194		1435751		3313
946		2182		1435783		3313
947		2177		1435801		3317
948		2180		1435816		3315
949		2177		1435840		3315
950		2174		1435856		3315
951		2169		1435871		3316
952		2168		1435886		3311
953		2168		1435895		3318
954		2166		1435917		3322
955		2165		1435931		3324
956		2165		1435944		3320
957		2157		1435958		3317
958		2161		1435966		3316
959		2158		1435987		3320
960		2161		1436003		3316
961		2162		1436029		3317
962		2163		1436056		3319
963		2156		1436072		3318
964		2158		1436099		3318
965		2150		1436118		3319
966		2144		1436134		3316
967		2146		1436143		3314
968		2142		1436148		3315
969		2142		1436155		3314
970		2139		1436163		3313
971		2137		1436169		3315
972		2137		1436174		3316
973		2138		1436179		3318
974		2139		1436183		3317
975		2139		1436186		3316
976		2139		1436191		3317
977		2137		1436200		3319
978		2136		1436205		3318
979		2136		1436215		3319
980		2138		1436217		3321
981		2143		1436224		3320
982		2141		1436231		3321
983		2137		1436237		3319
984		2136		1436238		3318
985		2135		1436240		3318
986		2132		1436242		3317
987		2132		1436244		3317
988		2133		1436245		3318
989		2131		1436247		3318
990		2131		1436247		3318
991		2131		1436247		3318
992		2129		1436248		3317
993		2129		1436248		3317
994		2129		1436248		3317
995		2129		1436248		3317
996		2129		1436248		3317
997		2129		1436248		3317
998		2129		1436248		3317
999		2129		1436248		3317
